1.0649
1.1067
2.6315
0.4953
0.4975
2.8856
2.2946
2.5170
5.4353
0.6088
1.4541
1.2790
0.2954
1.3221
1.8784
0.3895
0.7969
0.5618
1.6871
3.3375
0.2658
0.0181
0.1508
0.3669
2.4938
1.4895
5.3971
1.8940
1.6205
2.5396
1.1418
0.2162
0.8377
3.5935
4.8698
1.2058
0.4309
3.4464
1.7049
3.7830
0.2429
7.9294
1.7430
1.9108
2.3745
3.8188
0.9612
0.5187
0.1381
0.8706
0.6540
1.7570
0.2197
0.3819
0.6228
1.4446
4.1995
1.0730
0.2289
1.5907
0.8837
1.3058
2.1337
5.4328
0.91
0.4749
1.1560
4.5729
3.03676
.6813
1.3330
0.3659
9.2766
3.9744
1.044
2.6055
1.7962
1.1945
2.5102
3.7626
0.8675
.1443
1.0624
0.8173
1.0225
2.0362
3.3471
0.1270
2.3494
1.8794
1.9445
2.5506
2.423
3.9348
0.6178
3.7749
0.9858
3.6382
1.2614
0.1828
0.9814
5.859
0.161
2.4166
1.2625
0.4199
0.3202
0.8380
0.5402
0.1206
0.6166
0.1357
0.1897
2.255
0.2684
1.8096
1.0873
0.4089
0.903
3.6701
0.1229
0.9836
1.9872
2.1551
11.5048
2.0572
5.07
4.2027
0.7691
10.5251
0.3369
1.6014
1.0919
1.7177
0.0048
1.3183
1.2099
0.5533
6.5262
8.9969
0.0678
1.2311
2.3359
4.9008
0.4181
1.2098
1.7145
4.5186
1.6769
1.8009
1.7190
4.2774
4.4017
0.0695
0.6804
4.5382
2.0831
1.8713
0.6491
0.1081
0.1281
6.6247
2.14
3.4356
0.6734
6.4049
5.0017
1.5648
3.8487
0.7165
0.0085
0.4441
0.9847
1.1391
2.0556
1.1007
1.6092
2.304
5.0158
2.916
0.5788
2.0777
0.2297
0.4922
0.1807
3.5157
2.804
6.5915
0.1223
1.5399
9.4719
1.0368
1.4843
0.0513
0.2782
1.1146
0.9873
4.1867
1.3088
4.8724