5.162487E-03
0.4404125
1.295343
0.6401269
0.8958031
1.477889E-03
0.1905112
0.1545218
3.785593E-03
2.268872
0.5655458
0.2396779
2.821622
6.122499E-02
2.391934
1.984161
0.2436623
0.28459
0.4835863
0.5620455
0.6748461
0.4735767
0.1539842
6.801851E-02
9.849106E-03
0.6604102
0.2542003
0.129533
7.249075E-04
0.7706656
0.2169387
0.2840397
0.6757855
0.4622444
2.639904E-02
0.163781
5.968443E-03
0.1847867
7.208749E-04
8.453996E-02
0.2948248
3.911778
0.0471413
0.4532261
2.05793
9.540251E-02
1.469298
0.8915119
2.194514
6.229509E-02
0.1190516
0.1287273
0.6462091
2.303315E-02
2.326422E-02
0.753908
0.5105575
0.5991288
1.975799
3.641288E-02
0.2207233
0.1718649
7.045724E-03
0.1834417
0.3569609
1.335968E-02
6.514099E-02
3.049615E-02
0.2926677
0.9546954
5.50449E-03
7.742693E-06
1.424887E-03
1.165028E-02
0.5897056
0.2311513
1.956469
0.3623888
0.2713447
0.6083516
0.1371122
3.377226E-03
7.239278E-02
1.072697
1.691532
0.1529278
1.681741E-02
1.004561
0.2984644
1.161692
4.448698E-03
3.250104
0.3109788
0.3682684
0.5419191
1.178632
9.650356E-02
2.554421E-02
1.152677E-03
0.0785085
0.0425844
0.315653
3.508495E-03
1.277115E-02
3.827379E-02
0.2179409
1.361338
0.1209179
3.867504E-03
0.261986
8.100228E-02
0.1790301
0.4491651
1.974519
8.611878E-02
2.095245E-02
0.1405533
1.544161
0.8198425
4.653765E-02
0.1864312
1.157193E-02
3.93422
1.252816
0.1143532
0.6354135
0.3287887
0.1500872
0.5963359
1.152026
7.792186E-02
1.281241E-03
0.118491
6.873502E-02
0.1095807
0.4131512
0.9590659
9.410282E-04
0.5319921
0.3573052
0.3801575
0.6128322
0.5612057
1.233853
3.759658E-02
1.157869
0.1016526
1.093577
0.1672437
2.262765E-03
0.1007264
2.190923
1.668898E-03
0.5586475
0.167525
1.586196E-02
8.500766E-03
7.245596E-02
2.795967E-02
8.31142E-04
3.744601E-02
1.10474E-03
2.472315E-03
0.4952724
5.629774E-03
0.3333332
0.1241947
1.492531E-02
8.475909E-02
1.108504
8.685063E-04
0.1012009
0.3954042
0.457187
5.041122
0.4208225
1.791731
1.362891
6.039099E-02
4.558785
9.566578E-03
0.2653327
0.1252733
0.3026563
2.928214E-07
0.1824188
0.1539535
2.949118E-02
2.531733
3.792913
2.03348E-04
0.1593566
0.5266986
1.707024
1.570909E-02
0.1539419
0.3015781
1.517403
0.2893691
0.3303896