.1213501  
0.651861  
0.8688611  
0.7297625  
0.798853  
7.369805E-02  
0.4903128  
0.4545189  
0.1072496  
0.9505102  
0.7038703  
0.5318641  
0.9711614  
0.3209329  
0.9561278  
0.9345151  
0.5349368  
0.5644215  
0.6712188  
0.7025723  
0.7407752  
0.6668768  
0.4539406  
0.3341433  
0.156853  
0.7362702  
0.5428795  
0.425969  
5.544812E-02  
0.7682681  
0.5135362  
0.564048  
0.7410649  
0.6618574  
0.23145  
0.4642614  
0.1285592  
0.4849701  
5.532474E-02  
0.3629986  
0.5712636  
0.9901088  
0.290153  
0.6577815  
0.9391122  
0.379971  
0.8903414  
0.7978898  
0.9467658  
0.3230751  
0.412836  
0.4249863  
0.7317363  
0.2193842  
0.2202465  
0.7637411  
0.6825126  
0.7159321  
0.9339718  
0.2624577  
0.5166851  
0.4724479  
0.137325  
0.4836971  
0.6090706  
0.1769807  
0.3286581  
0.244903  
0.5698376  
0.8115254  
0.1244871  
9.027124E-03  
7.263118E-02  
0.1676467  
0.7126173  
0.525154  
0.9326978  
0.6121049  
0.555268  
0.7191259  
0.4350108  
0.1024807  
0.3421974  
0.8341678  
0.9123946  
0.4527998  
0.1938278  
0.8215128  
0.5736507  
0.8491585  
0.1143708  
0.9810265  
0.5816818  
0.6153483  
0.6949517  
0.8518325  
0.3816174  
0.2284811  
6.673521E-02  
0.3529371  
0.2789384  
0.5846138  
0.1040499  
0.1738545  
0.2676023  
0.5143741  
0.8775134  
0.4152316  
0.1081682  
0.5485845  
0.3571574  
0.4794733  
0.6559218  
0.9338882  
0.3655529  
0.211367  
0.4390002  
0.8983736  
0.7809345  
0.2887083  
0.4865173  
0.1671994  
0.9903264  
0.8629254  
0.4066883  
0.7282195  
0.5926663  
0.4497043  
0.7149551  
0.8476083  
0.3519315  
6.961381E-02  
0.4121114  
0.3354855  
0.400263  
0.6387306  
0.8124269  
6.154084E-02  
0.691091  
0.6092643  
0.6217733  
0.7206598  
0.7022598  
0.8601819  
0.2657488  
0.8485477  
0.3891525  
0.8378338  
0.4678031  
8.735561E-02  
0.3878166  
0.9465777  
7.736236E-02  
0.7013047  
0.4680886  
0.1894044  
0.1479545  
0.3423114  
0.2367188  
0.0585624  
0.265334  
6.561256E-02  
9.049696E-02  
0.6761831  
0.1256066  
0.5953903  
0.4193766  
0.1849057  
0.363355  
0.8403971  
0.0596003  
0.388502  
0.6297632  
0.6595807  
0.9968249  
0.642502  
0.9207419  
0.8777091  
0.3192462  
0.9948181  
0.1550532  
0.5509958  
0.4207241  
0.5763708  
2.435982E-03  
0.4827245  
0.4539075  
0.2417134  
0.9617306  
0.9888739  
3.335923E-02  
0.4596569  
0.6890038  
0.9137438  
0.1886815  
0.453895  
0.5756741  
0.8955784  
0.5676405  
0.5936295